function F = gps_resid(a)
    % speed of light km/s
    c = 299792;
    
    F(1) = sqrt( (a(1)-15600)^2 + (a(2)-7540 )^2 + (a(3)-20140)^2 ) - c*(0.07074 - a(4));
    F(2) = sqrt( (a(1)-18760)^2 + (a(2)-2750 )^2 + (a(3)-18610)^2 ) - c*(0.07220 - a(4));
    F(3) = sqrt( (a(1)-17610)^2 + (a(2)-14630)^2 + (a(3)-13480)^2 ) - c*(0.07690 - a(4));
    F(4) = sqrt( (a(1)-19170)^2 + (a(2)-610  )^2 + (a(3)-18390)^2 ) - c*(0.07242 - a(4));